11011001010001111001100011101110110001000100000101111000011001000100000010110101110010111100000
11110110110110000010110101010000100101111011110001010111010001111010111111100010111000011110001
11110101011001101100010100100001111110101100101100011000001110110111111101100101010100010001100
11110100101110011011000100011001000011000111000010111111100001010001011100100110100010010110010
10110100010101100000101100000101001101110010110101101100010110100010001100000111011001010101100
10100000101111001100001100001100011110111001001110001010010110010011010111000111011010011101110
10001111100010011101101001100110001000110010001100001001101000001011000110001111011100001110010
11111011101101001100100101111000010110011100101001110000010110111001100011110001010010100101011
10110011110100001011011100110101110111011111000000001011101101010110010011101100100001001100101
11010111111000101000100000010011000111111110110100110110010000100001101011100010011000111000111
10100101111110111001011110000000001111101110001110101000101110011110010111100101000100000010010
11001100010110001110101110000001000011011011010010010110000101110010011001101100110110111110001
11010001000001010101000001110000010001110001001010001010000011110000010001010100010110101010101
10011110010111000000000111011001001001111000100101101000011000010111101110101100111110001111110
10000001001001001101001101100101001000101101000110000111101010000001010101000010010111011001110
10001110100110001011101000111011001000000111110111110000010011001010001000110101000011110010111
10001001010001101000111010010100011000010010101111001011101111101111100110001110101001100111110
10100100100100000100101011100100110011101010110010101100111010010111101111011110011111110000011
01110111010011010111010111000011011110001101101101000010011010110011111101000101001000110001011
00110111011101001101011101011100001101111000110110110100001001101011101111110100010100100011001
00011011101110100110101110101110010110111100011011011010000100110101110111111010001010010001000
00001101110111010011010111010111001011011110001101101101000010011110111011111101000101001000100
00000110111011101001101011101011110101101111000110110110100001001011011101111110100010100100110
01110100110101110101110000110111000011011011010000100110101101111111010001010010001100011011011
11000100111011110101011101011011010011111000000000101000100011010000010011100010100100001101000
10101111000000101010000110101011100001110000000001000010010010010011101110100111100101000101000
11011001100010111000001101011100001100101001010100010010101111000111010101000111111010111100101
10100010110011110001001000100111101010000101111110111010110001101101001000110111110101000000111
11011111011011010101101010011010011001010011101011101110111110111000000110001111110010111110010
11111010001100000011100001010101110001111000011010000100110010011111000010110010110110001100010
10100100001111001010101101000011100110100010001001110110100110101101100100101011111110001000010
10100001000011111001111001101010011110100101101001100111101010000000011001111011000000101101101
10011110100011010001110010111100100011000011100000000000010011001110101110101001101000001000110
11000001010011000101110111010111111101110000100100110011101111101001110101000000111100011010110
11101110101011001111110101100010010010101001000110101010010001111010011000110100010110010011011
11110111000011111111100111011011100111011010001101100101101101001010110000100100010111011111110
00110001101100100000010011111110000010011011010111011101001100111010111001010000000010011011010
00011000110110010000001001111111010001001101101011101110100110011001011100101000000001001101001
01100011000110110010000001001111101110001001101101011101110100110011001011100101000000001001011
01110001100011011001000000100111100111000100110110101110111010011001100101110010100000000100101
01111000110001101100100000010011110011100010011011010111011101001100110010111001010000000010111
01111100011000110110010000001001111001110001001101101011101110100110011001011100101000000001011
01111110001100011011001000000100101100111000100110110101110111010011001100101110010100000000000
00011011001000000100111111100011000110110101110111010011001110001110010100000000100110110011011
00001101100100000010011111110001110011011010111011101001100111000111001010000000010011011001000
10011000100100100011010110100111100101010101001101101110100100111001001111100010100011110111001
11100010110001010111011110000100011010101010110101110110001010001011101011010111100101011010011
10111111011010000110100001001011110001000100001110001000100011001011010111111111111010110011001
11010001101111101110011110101100010100110011010011110111110111101111001001101011110101000111000
10100110110101011010000001011111110110001000111101001000011101111101000110100001110010111101101
10111101111001100001011110011000011010101011001011100101001001000000000010110011001000100100010
00010010111101000111111100100111011000111110101001111011110000010011010001001010101111101111110
01110001001011110100011111110010000101100011111010100111101111000111101101000100101010111110110
00111000100101111010001111111001000010110001111101010011110111100111110110100010010101011111110
00011100010010111101000111111100100001011000111110101001111011110111111011010001001010101111010
01001110001001011110100011111110000000101100011111010100111101111111111101101000100101010111101
00101111010001111111001001110001001111101010011110111100000101100100010010101011111011111111011
01010000001011100001001110001010101101111111001100100011101110101011110100011111101010100001100
00101101000000101110000100111000101010110111111100110010001110111100101111010001111110101010000
01010110100000010111000010011100010101011011111110011001000111011010010111101000111111010101001
00101011010000001011100001001110011010101101111111001100100011101101001011110100011111101010001
00010101101000000101110000100111011101010110111111100110010001110010100101111010001111110101100
00000010111000010011100010101101011111110011001000111011101010110101000111111010101000010100010
